%YAML:1.0
---
intrinsic: !!opencv-matrix
   rows: 3
   cols: 3
   dt: d
   data: [ 3.5280077479090505e+02, 0., 3.2357659039049514e+02, 0.,
       3.5439930080608474e+02, 2.5326318896771002e+02, 0., 0., 1. ]
distCoeffs: !!opencv-matrix
   rows: 1
   cols: 5
   dt: d
   data: [ -9.9943194586831624e-02, 6.4044393133966621e-02,
       -1.6495885038665071e-03, -5.1211395415540447e-05,
       -8.5886881843048064e-03 ]
